distancia_total
2704.5900068254136
